function aa = ActualErrorBars(data)

aa(:,1)=data(:,1);
aa(1:3,2)=[12.09 0.001 0.002];
aa(1:3,3)=[9.05 0.001 0.002];
aa(1:3,4)=[15.56 2.75 6.78];

end